Reacoes de apoio [N]
[ 4.03199999e+03 -2.09999999e+03  1.40064003e-07  4.54747351e-13
 -1.85549652e-07  2.10000000e+03 -3.14292265e-07  2.10000000e+03
  3.82588041e-07 -4.78235961e-07 -4.03199999e+03 -2.09999999e+03
  4.47999999e+03  0.00000000e+00  0.00000000e+00  0.00000000e+00
  6.58181289e-07 -3.00251486e-06 -2.89991476e-07 -4.09860513e-06
 -7.27409088e-07 -3.01287582e-06 -6.30784598e-07 -7.88481884e-07
 -4.47999999e+03  0.00000000e+00]

Deslocamentos [m]
[ 0.00000000e+00  0.00000000e+00 -3.13599999e-04  1.22489199e-03
 -1.79200000e-04  2.83207732e-03  1.79200000e-04  2.83207732e-03
  3.13599999e-04  1.22489199e-03  0.00000000e+00  0.00000000e+00
  0.00000000e+00  0.00000000e+00 -1.49333333e-04  4.87005996e-04
 -2.98666666e-04  2.08224465e-03 -1.24121707e-13  2.97543732e-03
  2.98666666e-04  2.08224466e-03  1.49333333e-04  4.87005997e-04
  0.00000000e+00  0.00000000e+00]

Deformacoes []
[[-3.91999999e-03]
 [ 1.68000000e-03]
 [ 4.47999999e-03]
 [ 1.68000000e-03]
 [-3.91999999e-03]
 [ 3.73333332e-03]
 [ 1.86666666e-03]
 [-3.73333333e-03]
 [-3.73333333e-03]
 [ 1.86666666e-03]
 [ 3.73333332e-03]
 [-4.48218695e-03]
 [ 4.48218696e-03]
 [-4.48218696e-03]
 [ 4.48218696e-03]
 [ 4.62405371e-12]
 [ 4.12390468e-12]
 [ 4.48218696e-03]
 [-4.48218695e-03]
 [ 4.48218695e-03]
 [-4.48218695e-03]]

Forcas internas [N]
[[-2.35199999e+03]
 [ 1.00800000e+03]
 [ 2.68799999e+03]
 [ 1.00800000e+03]
 [-2.35199999e+03]
 [ 4.47999999e+03]
 [ 1.12000000e+03]
 [-2.24000000e+03]
 [-2.24000000e+03]
 [ 1.12000000e+03]
 [ 4.47999999e+03]
 [-2.68931217e+03]
 [ 2.68931217e+03]
 [-2.68931217e+03]
 [ 2.68931218e+03]
 [ 2.77443223e-06]
 [ 2.47434281e-06]
 [ 2.68931218e+03]
 [-2.68931217e+03]
 [ 2.68931217e+03]
 [-2.68931217e+03]]

Tensoes internas [Pa]
[[-1.56800000e+07]
 [ 6.71999998e+06]
 [ 1.79200000e+07]
 [ 6.71999998e+06]
 [-1.56800000e+07]
 [ 1.49333333e+07]
 [ 7.46666666e+06]
 [-1.49333333e+07]
 [-1.49333333e+07]
 [ 7.46666665e+06]
 [ 1.49333333e+07]
 [-1.79287478e+07]
 [ 1.79287478e+07]
 [-1.79287478e+07]
 [ 1.79287478e+07]
 [ 1.84962148e-02]
 [ 1.64956187e-02]
 [ 1.79287478e+07]
 [-1.79287478e+07]
 [ 1.79287478e+07]
 [-1.79287478e+07]]